rms: 0.409041
Camera Matrix:
[683.605295391103, 0, 320;
 0, 683.605295391103, 240;
 0, 0, 1]
Dist Coeffs:
[-0.02944702688719316;
 0.6879521760623351;
 0;
 0;
 -2.38992517437987]



rms: 0.148326
Camera Matrix:
[592.2124223445884, 0, 339.527214951507;
 0, 594.7111042047585, 232.6641098311243;
 0, 0, 1]
Dist Coeffs:
[-0.07109794022408913;
 0.729340703690755;
 0.005159526234994058;
 -0.001958509059996903;
 -2.273025218326369]



3----------------------------
rms: 0.230381
Camera Matrix:
[591.5964636100932, 0, 345.571521737228;
 0, 595.2303346393777, 238.6997526189799;
 0, 0, 1]
Dist Coeffs:
[0.02666630471444579;
 -0.2200955182290914;
 0.002778338997642124;
 0.001528984379248129;
 0.3910635799755686]




